2 0.050258 0.069512
2 0.039034 0.059911
2 0.043122 0.062553
2 0.048980 0.104619
2 0.040918 0.059652
2 0.041973 0.060625
2 0.037658 0.054570
2 0.039305 0.059825
2 0.056059 0.076140
2 0.040381 0.058769
2 0.041599 0.104166
2 0.053891 0.072248
2 0.039683 0.058272
2 0.044371 0.064392
2 0.040763 0.059386
2 0.035715 0.052152
2 0.040039 0.057988
2 0.039122 0.057951
2 0.044839 0.065014
2 0.045966 0.067296
2 0.040261 0.060619
2 0.043517 0.063932
2 0.040617 0.058037
2 0.044906 0.065825
2 0.040765 0.061133
2 0.041418 0.060088
2 0.045238 0.064540
2 0.044194 0.065014
2 0.038434 0.055623
2 0.041285 0.059125
2 0.035580 0.051782
2 0.041559 0.061282
2 0.040591 0.058821
2 0.036131 0.051387
2 0.045080 0.066918
2 0.042653 0.064276
2 0.041877 0.060911
2 0.043418 0.062746
2 0.040899 0.060577
2 0.036633 0.054064
2 0.040767 0.058186
2 0.040064 0.061521
2 0.039967 0.058923
2 0.038721 0.056351
2 0.041393 0.059796
2 0.044190 0.065077
2 0.127283 0.147461
2 0.044239 0.067215
2 0.043537 0.063847
2 0.036728 0.052599
2 0.044506 0.064833
2 0.044737 0.064234
2 0.046963 0.065723
2 0.036032 0.054023
2 0.040305 0.058498
2 0.061946 0.081337
2 0.040096 0.060497
2 0.041357 0.060018
2 0.044933 0.065406
2 0.042912 0.062364
2 0.038223 0.054140
2 0.036672 0.054810
2 0.039171 0.056694
2 0.043190 0.060552
2 0.041071 0.059312
2 0.037415 0.053709
2 0.044937 0.065721
2 0.039739 0.057490
2 0.041238 0.061018
2 0.040902 0.058709
2 0.042824 0.061281
2 0.040656 0.062668
2 0.045335 0.065151
2 0.036778 0.052878
2 0.045890 0.066190
2 0.066925 0.104938
2 0.037102 0.053679
2 0.044065 0.065014
2 0.040385 0.059066
2 0.036896 0.055111
2 0.047361 0.068167
2 0.045225 0.066112
2 0.040468 0.058486
2 0.043796 0.063549
2 0.039868 0.058918
2 0.041722 0.058890
2 0.040505 0.060317
2 0.047215 0.073150
2 0.040054 0.059312
2 0.043621 0.062798
2 0.035873 0.053998
2 0.040534 0.059354
2 0.041446 0.059525
2 0.036726 0.055410
2 0.037175 0.054386
2 0.043919 0.064094
2 0.047884 0.068558
2 0.051237 0.072275
2 0.036336 0.052135
2 0.044218 0.064680
