2 0.625658 0.625948
2 0.554398 0.554773
2 0.588064 0.588343
2 0.549748 0.550105
2 0.594215 0.594565
2 0.621338 0.621726
2 0.547583 0.547898
2 0.575885 0.576182
2 0.645391 0.645747
2 0.557105 0.557907
2 0.587569 0.587853
2 0.624002 0.624391
2 0.533291 0.533644
2 0.606197 0.606514
2 0.621868 0.622178
2 0.548214 0.548603
2 0.554787 0.555126
2 0.547906 0.548213
2 0.541642 0.541959
2 0.615430 0.615713
2 0.620998 0.621552
2 0.560874 0.561226
2 0.582750 0.583025
2 0.550782 0.551168
2 0.550191 0.550514
2 0.563729 0.565142
2 0.623690 0.624003
2 0.547643 0.548008
2 0.532859 0.533168
2 0.583963 0.584355
2 0.619695 0.620002
2 0.625838 0.626086
2 0.626686 0.626988
2 0.546736 0.547060
2 0.552920 0.553299
2 0.563763 0.564054
2 0.623541 0.623839
2 0.620793 0.621111
2 0.547261 0.548314
2 0.595648 0.595963
2 0.625347 0.625654
2 0.552666 0.554476
2 0.555362 0.558161
2 0.653305 0.653634
2 0.624898 0.625187
2 0.549363 0.549639
2 0.594257 0.594596
2 0.623740 0.624062
2 0.618163 0.618446
2 0.538746 0.539115
2 0.543248 0.543533
2 0.580246 0.580533
2 0.529529 0.530817
2 0.544437 0.544836
2 0.555999 0.556324
2 0.558797 0.559109
2 0.624417 0.624730
2 0.621490 0.621813
2 0.625144 0.625516
2 0.580184 0.580456
2 0.540268 0.540639
2 0.543230 0.543627
2 0.621096 0.621385
2 0.625340 0.625679
2 0.624721 0.625061
2 0.552326 0.552641
2 0.551617 0.553006
2 0.554652 0.554959
2 0.626127 0.626465
2 0.627031 0.627337
2 0.623961 0.624269
2 0.547503 0.547890
2 0.598857 0.599218
2 0.625333 0.625702
2 0.618364 0.618659
2 0.560819 0.561139
2 0.562225 0.562958
2 0.557978 0.558261
2 0.600117 0.600396
2 0.550659 0.551168
2 0.537587 0.537958
2 0.564551 0.565265
2 0.627478 0.627844
2 0.544332 0.544654
2 0.595251 0.595510
2 0.615602 0.615903
2 0.552787 0.553142
2 0.541269 0.542804
2 0.570146 0.570511
2 0.552421 0.554129
2 0.529425 0.531066
2 0.527812 0.528116
2 0.559085 0.559436
2 0.557348 0.557692
2 0.590080 0.591951
2 0.544063 0.546528
2 0.541643 0.541930
2 0.541910 0.542270
2 0.560257 0.560534
2 0.593412 0.593723
