2 0.616289 0.894537
2 0.648359 0.953988
2 0.626625 0.889624
2 0.567344 0.833786
2 0.538825 0.803340
2 0.577858 0.887029
2 0.626536 0.932651
2 0.622673 0.928837
2 0.626297 0.934057
2 0.617002 0.925034
2 0.622796 0.930506
2 0.623416 0.931718
2 0.541864 0.811855
2 0.638341 0.913643
2 0.549736 0.822401
2 0.556727 0.858055
2 0.545308 0.832806
2 0.534787 0.830882
2 0.623695 0.930810
2 0.618089 0.927140
2 0.622915 0.888483
2 0.560249 0.865302
2 0.547531 0.819814
2 0.633619 0.935927
2 0.627970 0.933293
2 0.625988 0.930756
2 0.535328 0.832902
2 0.623780 0.891233
2 0.559297 0.859288
2 0.552110 0.912552
2 0.646358 0.917539
2 0.659230 0.958827
2 0.553603 0.825936
2 0.557185 0.932474
2 0.543518 0.831665
2 0.544445 0.813036
2 0.640926 0.905677
2 0.533316 0.874134
2 0.620465 0.926601
2 0.571945 0.850750
2 0.596232 0.903513
2 0.555704 0.932677
2 0.624207 0.891190
2 0.569849 0.866818
2 0.538281 0.804471
2 0.647814 0.953787
2 0.627166 0.930976
2 0.616889 0.929701
2 0.564038 0.928930
2 0.550573 0.823245
2 0.632972 0.938064
2 0.539731 0.825747
2 0.621815 0.927135
2 0.621662 0.882031
2 0.562403 0.874261
2 0.549483 0.816881
2 0.634403 0.939269
2 0.623715 0.893929
2 0.544728 0.864137
2 0.623476 0.897574
2 0.564405 0.861240
2 0.559610 0.929861
2 0.541107 0.811857
2 0.528594 0.846316
2 0.619869 0.916926
2 0.633859 0.938919
2 0.621596 0.930738
2 0.623277 0.929189
2 0.540741 0.827483
2 0.625852 0.932155
2 0.525983 0.825282
2 0.625996 0.932069
2 0.622514 0.928873
2 0.590897 0.928559
2 0.622565 0.902348
2 0.651745 0.920771
2 0.562503 0.867745
2 0.529605 0.827344
2 0.546576 0.814838
2 0.638229 0.942611
2 0.624966 0.930091
2 0.624690 0.896372
2 0.656907 0.961193
2 0.535464 0.831318
2 0.622525 0.927636
2 0.562824 0.929264
2 0.624576 0.930106
2 0.558401 0.928636
2 0.623858 0.898123
2 0.655351 0.961163
2 0.625158 0.895568
2 0.568792 0.848839
2 0.639484 0.943958
2 0.527853 0.789519
2 0.542595 0.864283
2 0.551395 0.822014
2 0.636027 0.907413
2 0.542350 0.810628
2 0.546720 0.877678
2 0.624365 0.919320
