3 0.038808 0.060832
3 0.031479 0.051354
3 0.028285 0.049642
3 0.030181 0.049131
3 0.033451 0.055167
3 0.035002 0.058165
3 0.029190 0.051053
3 0.032077 0.057080
3 0.031801 0.052097
3 0.034320 0.055488
3 0.031619 0.053771
3 0.031265 0.052391
3 0.031779 0.052351
3 0.032759 0.056197
3 0.030930 0.052600
3 0.030747 0.051052
3 0.029266 0.049164
3 0.040120 0.062726
3 0.034804 0.055355
3 0.031591 0.052605
3 0.037099 0.059641
3 0.033981 0.054880
3 0.033116 0.055046
3 0.030314 0.049731
3 0.032803 0.054200
3 0.032893 0.053442
3 0.104700 0.124738
3 0.034466 0.053807
3 0.035066 0.057868
3 0.033561 0.056987
3 0.029310 0.048940
3 0.031253 0.051366
3 0.033188 0.052944
3 0.029852 0.047725
3 0.033570 0.055083
3 0.033879 0.057793
3 0.034088 0.054824
3 0.031328 0.052441
3 0.034371 0.055071
3 0.034680 0.055480
3 0.032119 0.051405
3 0.038908 0.056749
3 0.034784 0.055572
3 0.031973 0.053837
3 0.029895 0.047773
3 0.032640 0.054336
3 0.032991 0.054435
3 0.033608 0.055325
3 0.033221 0.052750
3 0.032980 0.053635
3 0.041228 0.063538
3 0.032528 0.052686
3 0.032089 0.051283
3 0.032275 0.050982
3 0.033948 0.055992
3 0.031822 0.052311
3 0.037783 0.061330
3 0.034042 0.055131
3 0.040694 0.065472
3 0.033141 0.054340
3 0.029059 0.065003
3 0.032463 0.053174
3 0.034783 0.058359
3 0.031551 0.053418
3 0.035801 0.056965
3 0.036065 0.056084
3 0.034812 0.055573
3 0.032059 0.051804
3 0.030346 0.048973
3 0.034339 0.056210
3 0.033466 0.053503
3 0.033967 0.055389
3 0.033468 0.053721
3 0.034938 0.057872
3 0.029824 0.050542
3 0.032398 0.051711
3 0.040210 0.063016
3 0.033519 0.056020
3 0.032941 0.053135
3 0.031676 0.051724
3 0.033378 0.053185
3 0.036691 0.056529
3 0.032372 0.052621
3 0.039525 0.057541
3 0.032361 0.053417
3 0.032660 0.053321
3 0.031699 0.052890
3 0.036373 0.056246
3 0.036021 0.057827
3 0.031797 0.050682
3 0.044148 0.064629
3 0.030228 0.048283
3 0.031952 0.050529
3 0.031704 0.052789
3 0.029108 0.046606
3 0.032242 0.052497
3 0.031246 0.051265
3 0.043417 0.065362
3 0.030849 0.050061
3 0.033873 0.055702
