3 0.278053 0.541045
3 0.297695 0.628651
3 0.281404 0.622497
3 0.283938 0.552853
3 0.385334 0.657474
3 0.287040 0.643774
3 0.288780 0.616539
3 0.303443 0.624848
3 0.287727 0.563517
3 0.302225 0.668331
3 0.285736 0.559984
3 0.285252 0.582044
3 0.314968 0.592629
3 0.295602 0.577196
3 0.282377 0.553486
3 0.355916 0.630051
3 0.284538 0.645714
3 0.293840 0.575374
3 0.281680 0.563060
3 0.286949 0.620245
3 0.308090 0.607749
3 0.299423 0.620383
3 0.282700 0.619440
3 0.279055 0.610386
3 0.298371 0.623176
3 0.284594 0.620263
3 0.275968 0.621738
3 0.291533 0.566685
3 0.329140 0.598498
3 0.299477 0.571256
3 0.286172 0.560063
3 0.288220 0.597346
3 0.290352 0.566924
3 0.330607 0.679205
3 0.287553 0.620738
3 0.289094 0.563463
3 0.278369 0.578835
3 0.287754 0.619004
3 0.284160 0.619568
3 0.273416 0.536422
3 0.281790 0.600483
3 0.278460 0.620522
3 0.319042 0.620097
3 0.287035 0.618305
3 0.284014 0.555159
3 0.288822 0.583909
3 0.317824 0.619592
3 0.321533 0.593715
3 0.292247 0.644447
3 0.316893 0.616719
3 0.286826 0.561718
3 0.380485 0.681124
3 0.279338 0.604234
3 0.305669 0.569768
3 0.284548 0.555666
3 0.280474 0.641696
3 0.294377 0.625777
3 0.318096 0.618909
3 0.322629 0.603527
3 0.283271 0.554058
3 0.291412 0.568243
3 0.279667 0.646902
3 0.293411 0.623492
3 0.317926 0.583726
3 0.275732 0.552264
3 0.287821 0.568238
3 0.284871 0.579579
3 0.287090 0.603501
3 0.274270 0.619952
3 0.286755 0.618846
3 0.279284 0.547936
3 0.275087 0.585655
3 0.274220 0.621114
3 0.318385 0.601242
3 0.288662 0.639612
3 0.276216 0.542959
3 0.275585 0.545336
3 0.295037 0.667858
3 0.292074 0.622888
3 0.288913 0.615581
3 0.323150 0.623275
3 0.289908 0.620067
3 0.288094 0.569070
3 0.283473 0.555771
3 0.295479 0.596237
3 0.321159 0.621959
3 0.294848 0.620359
3 0.273113 0.539345
3 0.280837 0.552138
3 0.288336 0.565543
3 0.289978 0.565654
3 0.283197 0.588504
3 0.323066 0.624497
3 0.324512 0.601572
3 0.281871 0.645917
3 0.326077 0.625943
3 0.273603 0.622176
3 0.295901 0.583635
3 0.364947 0.666178
3 0.296715 0.621262
