3 0.031745 0.052175
3 0.043676 0.064546
3 0.033230 0.055570
3 0.034259 0.057260
3 0.031974 0.051515
3 0.032226 0.051542
3 0.030015 0.051573
3 0.034159 0.056895
3 0.029951 0.049758
3 0.039890 0.062950
3 0.028966 0.047835
3 0.041646 0.064132
3 0.029962 0.051049
3 0.031957 0.051910
3 0.030214 0.050857
3 0.037891 0.060211
3 0.033396 0.055170
3 0.031648 0.048627
3 0.033304 0.055462
3 0.031985 0.053530
3 0.032460 0.051258
3 0.041851 0.064108
3 0.036310 0.056848
3 0.030865 0.053117
3 0.031618 0.061970
3 0.032871 0.053746
3 0.030369 0.051007
3 0.032789 0.054171
3 0.035858 0.056857
3 0.031509 0.051543
3 0.034481 0.056571
3 0.032241 0.051704
3 0.034346 0.056972
3 0.034919 0.056684
3 0.031569 0.050788
3 0.037142 0.057989
3 0.033213 0.055353
3 0.030796 0.051998
3 0.032349 0.052404
3 0.033747 0.055502
3 0.032116 0.055177
3 0.036821 0.060579
3 0.030713 0.050308
3 0.032134 0.053434
3 0.032351 0.054463
3 0.030340 0.049328
3 0.034291 0.055917
3 0.038098 0.061548
3 0.031872 0.053083
3 0.037909 0.060808
3 0.033579 0.055314
3 0.032565 0.052603
3 0.037107 0.060237
3 0.037060 0.059141
3 0.031978 0.055401
3 0.032831 0.054556
3 0.030715 0.050619
3 0.033835 0.054745
3 0.031709 0.049638
3 0.033974 0.054781
3 0.038340 0.058932
3 0.035366 0.058539
3 0.032748 0.054161
3 0.032153 0.052597
3 0.033237 0.057073
3 0.032127 0.053340
3 0.035181 0.055200
3 0.030658 0.048317
3 0.033782 0.054545
3 0.035154 0.056840
3 0.033860 0.053065
3 0.035498 0.055875
3 0.031229 0.050291
3 0.033129 0.054393
3 0.036597 0.072545
3 0.033696 0.053380
3 0.037175 0.058841
3 0.048524 0.069192
3 0.029204 0.047499
3 0.035104 0.057547
3 0.033342 0.055306
3 0.031144 0.053242
3 0.032852 0.053140
3 0.032980 0.053677
3 0.030208 0.048894
3 0.033597 0.054280
3 0.031292 0.050365
3 0.032601 0.054098
3 0.032453 0.053179
3 0.032243 0.052800
3 0.033223 0.054997
3 0.042418 0.066521
3 0.030638 0.052842
3 0.035085 0.057844
3 0.032091 0.053636
3 0.037981 0.060989
3 0.040853 0.063847
3 0.033145 0.053826
3 0.036296 0.058616
3 0.030355 0.050962
