3 0.395228 0.671531
3 0.288984 0.563920
3 0.288218 0.558555
3 0.291290 0.636231
3 0.292660 0.647088
3 0.322520 0.623214
3 0.284918 0.620426
3 0.322278 0.620298
3 0.325894 0.626119
3 0.289037 0.566078
3 0.290130 0.582333
3 0.286556 0.625689
3 0.292108 0.627271
3 0.283412 0.560330
3 0.291114 0.591949
3 0.282787 0.623145
3 0.325839 0.625528
3 0.292205 0.622981
3 0.327890 0.626610
3 0.325072 0.625410
3 0.323836 0.595336
3 0.286605 0.651908
3 0.325302 0.626584
3 0.282693 0.627944
3 0.285771 0.622634
3 0.326311 0.595801
3 0.281372 0.550908
3 0.280463 0.550969
3 0.283615 0.554593
3 0.272288 0.538791
3 0.281126 0.549360
3 0.287455 0.561472
3 0.292684 0.571531
3 0.280200 0.636199
3 0.329159 0.610719
3 0.283083 0.556670
3 0.283876 0.608465
3 0.329985 0.627097
3 0.289133 0.565095
3 0.385665 0.684701
3 0.329854 0.629086
3 0.285543 0.626128
3 0.284035 0.565135
3 0.386973 0.661389
3 0.289949 0.651844
3 0.281777 0.627712
3 0.326893 0.604369
3 0.287426 0.647678
3 0.291581 0.629982
3 0.306170 0.623717
3 0.280169 0.548226
3 0.278889 0.546051
3 0.283739 0.567066
3 0.329377 0.627251
3 0.326172 0.610049
3 0.283234 0.556054
3 0.310011 0.579493
3 0.290047 0.654331
3 0.291041 0.568891
3 0.385996 0.654598
3 0.289051 0.564106
3 0.279839 0.614186
3 0.327286 0.626566
3 0.327020 0.607801
3 0.344476 0.644005
3 0.328048 0.627098
3 0.287951 0.562284
3 0.286932 0.590323
3 0.325906 0.625591
3 0.327203 0.598550
3 0.323330 0.597966
3 0.283157 0.555846
3 0.273649 0.535383
3 0.343805 0.611173
3 0.285283 0.561051
3 0.293124 0.571522
3 0.287942 0.674721
3 0.282118 0.555010
3 0.283734 0.551307
3 0.288075 0.666864
3 0.327938 0.627960
3 0.289323 0.626131
3 0.325397 0.623517
3 0.325021 0.625558
3 0.293378 0.571458
3 0.380586 0.680163
3 0.326095 0.625483
3 0.303730 0.626019
3 0.329349 0.627245
3 0.325048 0.597117
3 0.290092 0.569258
3 0.288778 0.603531
3 0.325984 0.593290
3 0.282378 0.658633
3 0.326833 0.625830
3 0.285589 0.560120
3 0.395129 0.674786
3 0.291021 0.644164
3 0.276947 0.626007
3 0.326747 0.628098
