3 0.041378 0.058882
3 0.035672 0.054194
3 0.030885 0.048514
3 0.031183 0.048931
3 0.035641 0.056223
3 0.034803 0.055528
3 0.035820 0.055856
3 0.031157 0.047237
3 0.035239 0.053294
3 0.030820 0.047232
3 0.037189 0.058857
3 0.034592 0.052154
3 0.032723 0.050312
3 0.031014 0.058010
3 0.031691 0.047854
3 0.030275 0.047284
3 0.033922 0.053243
3 0.033491 0.051656
3 0.033255 0.051507
3 0.035390 0.054066
3 0.032357 0.051425
3 0.030136 0.050761
3 0.039662 0.060254
3 0.034804 0.055867
3 0.034079 0.058525
3 0.033664 0.052314
3 0.032327 0.048528
3 0.031346 0.047689
3 0.031839 0.050852
3 0.035756 0.055364
3 0.034778 0.051579
3 0.034072 0.053208
3 0.034518 0.053489
3 0.033755 0.049557
3 0.037400 0.056153
3 0.032835 0.051032
3 0.031774 0.048341
3 0.032634 0.052807
3 0.031182 0.049355
3 0.032729 0.051042
3 0.029814 0.046305
3 0.034693 0.055769
3 0.030757 0.048423
3 0.029522 0.044815
3 0.034761 0.053061
3 0.034033 0.053384
3 0.034629 0.053155
3 0.033075 0.050570
3 0.035936 0.068995
3 0.033675 0.054016
3 0.032269 0.053274
3 0.035167 0.057263
3 0.029789 0.046433
3 0.034838 0.055422
3 0.037665 0.058423
3 0.033893 0.053758
3 0.036364 0.052674
3 0.035850 0.056816
3 0.030885 0.048890
3 0.031720 0.050024
3 0.031024 0.050252
3 0.034206 0.054338
3 0.033577 0.051049
3 0.032163 0.049861
3 0.030360 0.045955
3 0.032792 0.050531
3 0.030534 0.048892
3 0.033839 0.053086
3 0.030422 0.049582
3 0.034738 0.054785
3 0.038645 0.057496
3 0.034603 0.054520
3 0.033004 0.051986
3 0.031474 0.049632
3 0.029804 0.047065
3 0.035976 0.055516
3 0.033623 0.055122
3 0.030636 0.050150
3 0.032871 0.052567
3 0.035316 0.055675
3 0.036569 0.058301
3 0.031113 0.051002
3 0.032963 0.052129
3 0.032405 0.051196
3 0.047887 0.069557
3 0.033347 0.051465
3 0.032737 0.048767
3 0.032242 0.053490
3 0.033737 0.060417
3 0.031651 0.049400
3 0.032621 0.054132
3 0.032592 0.053715
3 0.030119 0.046396
3 0.031106 0.049375
3 0.029776 0.045510
3 0.031799 0.051548
3 0.030814 0.047918
3 0.032655 0.052378
3 0.032412 0.052582
3 0.034919 0.056946
