3 0.342651 0.608205
3 0.294838 0.576426
3 0.295999 0.607290
3 0.278687 0.625780
3 0.276443 0.621521
3 0.288085 0.562030
3 0.289833 0.580507
3 0.291672 0.622981
3 0.291253 0.570398
3 0.294730 0.574395
3 0.282140 0.552798
3 0.285887 0.590282
3 0.289175 0.624972
3 0.289911 0.620203
3 0.279725 0.546878
3 0.279643 0.598503
3 0.276764 0.570308
3 0.278039 0.575238
3 0.315628 0.624136
3 0.282689 0.552971
3 0.290209 0.592008
3 0.278897 0.627199
3 0.291701 0.622091
3 0.291757 0.568634
3 0.284110 0.576665
3 0.281174 0.626449
3 0.292800 0.569565
3 0.290549 0.582989
3 0.284044 0.620715
3 0.286497 0.614082
3 0.281731 0.622765
3 0.278522 0.543235
3 0.293162 0.605911
3 0.290555 0.568684
3 0.289140 0.556352
3 0.274634 0.538679
3 0.283283 0.550894
3 0.278679 0.601444
3 0.283325 0.623059
3 0.291482 0.568463
3 0.294741 0.679444
3 0.295186 0.622688
3 0.291457 0.570218
3 0.287711 0.673270
3 0.287308 0.624384
3 0.298020 0.624190
3 0.295075 0.575361
3 0.292125 0.671923
3 0.291423 0.623016
3 0.297461 0.611585
3 0.285536 0.557701
3 0.284494 0.558381
3 0.285575 0.556951
3 0.303021 0.609796
3 0.291483 0.621590
3 0.285917 0.623607
3 0.291218 0.562833
3 0.293377 0.580441
3 0.284981 0.620583
3 0.281553 0.553381
3 0.287224 0.559289
3 0.279784 0.653650
3 0.315297 0.586711
3 0.286647 0.594528
3 0.280938 0.586288
3 0.286120 0.561359
3 0.281373 0.551168
3 0.280330 0.654793
3 0.286459 0.559104
3 0.285018 0.588005
3 0.312512 0.588184
3 0.284392 0.557714
3 0.279967 0.622759
3 0.316640 0.623223
3 0.281629 0.623816
3 0.287476 0.624430
3 0.285561 0.559495
3 0.279205 0.588360
3 0.291650 0.622398
3 0.293982 0.569957
3 0.319714 0.669952
3 0.284950 0.559460
3 0.283870 0.582677
3 0.294197 0.624393
3 0.294194 0.571409
3 0.281038 0.549717
3 0.288311 0.569253
3 0.280591 0.547736
3 0.277983 0.542449
3 0.285058 0.639075
3 0.295201 0.620404
3 0.290373 0.564908
3 0.287873 0.581097
3 0.282382 0.622948
3 0.321400 0.601137
3 0.343239 0.652211
3 0.287443 0.620437
3 0.293591 0.621672
3 0.281062 0.624069
3 0.289523 0.625363
