2 0.047190 0.065934
2 0.042889 0.060110
2 0.050179 0.070495
2 0.043460 0.061231
2 0.042799 0.063006
2 0.044913 0.065108
2 0.042503 0.060178
2 0.041851 0.061476
2 0.047018 0.066454
2 0.043136 0.061130
2 0.043173 0.061198
2 0.043125 0.063087
2 0.044852 0.063687
2 0.045385 0.064725
2 0.038156 0.054068
2 0.046622 0.067207
2 0.042896 0.060924
2 0.047973 0.066996
2 0.042096 0.060880
2 0.050809 0.070579
2 0.051336 0.069102
2 0.038235 0.054211
2 0.047554 0.070263
2 0.041167 0.059515
2 0.038430 0.053756
2 0.041932 0.058811
2 0.046489 0.068859
2 0.042082 0.061238
2 0.043443 0.061908
2 0.041096 0.058739
2 0.038242 0.053405
2 0.043439 0.063070
2 0.046560 0.068904
2 0.039130 0.055672
2 0.041392 0.059076
2 0.038924 0.058231
2 0.042758 0.058181
2 0.042023 0.061055
2 0.044966 0.066008
2 0.039306 0.058123
2 0.047784 0.066925
2 0.039359 0.056806
2 0.040523 0.056399
2 0.042947 0.061501
2 0.042927 0.061299
2 0.039622 0.055178
2 0.048183 0.067797
2 0.046305 0.064863
2 0.038387 0.055211
2 0.044300 0.065988
2 0.037327 0.052698
2 0.045155 0.063067
2 0.048177 0.066057
2 0.040622 0.055925
2 0.040624 0.057092
2 0.047231 0.066503
2 0.041869 0.059458
2 0.039547 0.055900
2 0.038164 0.055518
2 0.041477 0.060883
2 0.045471 0.065615
2 0.044882 0.064399
2 0.043926 0.060736
2 0.045643 0.064245
2 0.042962 0.058517
2 0.043253 0.061448
2 0.041778 0.059262
2 0.048400 0.069011
2 0.037775 0.053653
2 0.040614 0.056020
2 0.041632 0.061244
2 0.040158 0.058040
2 0.048055 0.095234
2 0.043739 0.061695
2 0.043047 0.063776
2 0.043152 0.098598
2 0.043265 0.061846
2 0.037306 0.053628
2 0.040079 0.056162
2 0.040268 0.057788
2 0.038404 0.054631
2 0.042531 0.060292
2 0.042820 0.061036
2 0.046649 0.067168
2 0.046874 0.066955
2 0.045870 0.064136
2 0.038877 0.056325
2 0.042372 0.060051
2 0.038122 0.054764
2 0.046060 0.063692
2 0.038562 0.054772
2 0.048675 0.068809
2 0.039562 0.055216
2 0.038475 0.053661
2 0.042911 0.063071
2 0.043490 0.060824
2 0.041077 0.061833
2 0.042390 0.059435
2 0.041345 0.059648
2 0.046522 0.066065
