2 0.029334 0.053071
2 0.021756 0.039800
2 0.025116 0.045999
2 0.036783 0.055526
2 0.024371 0.048651
2 0.022265 0.042462
2 0.021355 0.039379
2 0.022377 0.044065
2 0.022787 0.051881
2 0.024762 0.045920
2 0.027701 0.049990
2 0.025595 0.051219
2 0.024582 0.073410
2 0.021602 0.044037
2 0.024387 0.044125
2 0.019377 0.040094
2 0.022450 0.042967
2 0.022562 0.044858
2 0.023944 0.045786
2 0.026564 0.048340
2 0.023596 0.045317
2 0.020606 0.041506
2 0.022875 0.043704
2 0.019715 0.040813
2 0.023531 0.045412
2 0.021741 0.041627
2 0.025640 0.045470
2 0.022978 0.043518
2 0.020086 0.038395
2 0.021917 0.043144
2 0.025982 0.045584
2 0.023262 0.045510
2 0.025634 0.046903
2 0.023310 0.043194
2 0.022828 0.042867
2 0.025266 0.047883
2 0.019261 0.037681
2 0.024053 0.045452
2 0.022047 0.055772
2 0.020443 0.038124
2 0.021490 0.040941
2 0.020628 0.038102
2 0.022080 0.042176
2 0.025017 0.046868
2 0.024563 0.045748
2 0.023973 0.046358
2 0.022355 0.042965
2 0.024455 0.045919
2 0.020407 0.037286
2 0.023027 0.042768
2 0.021365 0.038532
2 0.022868 0.045164
2 0.025599 0.048781
2 0.022800 0.043538
2 0.022259 0.041868
2 0.020895 0.038468
2 0.022992 0.042073
2 0.025063 0.048622
2 0.026075 0.048549
2 0.023737 0.043102
2 0.020510 0.037688
2 0.022316 0.041757
2 0.023166 0.044996
2 0.021349 0.041504
2 0.021117 0.040360
2 0.022925 0.042503
2 0.023107 0.119015
2 0.022369 0.042274
2 0.025084 0.048272
2 0.022732 0.043322
2 0.022859 0.042588
2 0.023685 0.043831
2 0.019177 0.036521
2 0.022362 0.042814
2 0.022005 0.041822
2 0.022586 0.045036
2 0.022752 0.041836
2 0.022670 0.046527
2 0.025140 0.045684
2 0.023129 0.042466
2 0.022410 0.041774
2 0.021017 0.039155
2 0.024165 0.046067
2 0.021289 0.039331
2 0.022768 0.042476
2 0.023183 0.044616
2 0.022703 0.042336
2 0.020612 0.038198
2 0.025823 0.044499
2 0.023551 0.043305
2 0.021305 0.044467
2 0.022876 0.044749
2 0.022745 0.043478
2 0.024752 0.046790
2 0.022631 0.042377
2 0.023377 0.044407
2 0.020919 0.041218
2 0.021032 0.039575
2 0.023659 0.045157
2 0.023868 0.046114
