2 0.683888 1.003589
2 0.560275 0.932032
2 0.539333 0.806079
2 0.553908 0.853881
2 0.625677 0.930345
2 0.624558 0.929100
2 0.624842 0.934283
2 0.617185 0.922887
2 0.622383 0.931072
2 0.613330 0.931365
2 0.545995 0.830059
2 0.624726 0.929385
2 0.622688 0.929110
2 0.538589 0.830374
2 0.625845 0.931046
2 0.626353 0.929710
2 0.568830 0.931311
2 0.541902 0.828846
2 0.626279 0.930303
2 0.554486 0.932692
2 0.585592 0.847160
2 0.608549 0.912865
2 0.626363 0.930758
2 0.558188 0.925336
2 0.625013 0.934615
2 0.624707 0.897901
2 0.542519 0.809884
2 0.573359 0.879250
2 0.628895 0.933326
2 0.544783 0.831312
2 0.524341 0.827826
2 0.629818 0.934457
2 0.554529 0.928752
2 0.632039 0.935892
2 0.628347 0.931925
2 0.556756 0.832147
2 0.542020 0.827778
2 0.629504 0.890863
2 0.526210 0.871450
2 0.627151 0.899662
2 0.549811 0.860241
2 0.560546 0.835972
2 0.538352 0.804119
2 0.643096 0.916897
2 0.531965 0.795050
2 0.589077 0.891342
2 0.628164 0.903398
2 0.533924 0.859284
2 0.535667 0.829360
2 0.627352 0.898558
2 0.559418 0.866326
2 0.589351 0.863335
2 0.567221 0.896038
2 0.622970 0.932218
2 0.547295 0.917755
2 0.625144 0.932983
2 0.625942 0.930506
2 0.625027 0.931967
2 0.624927 0.931086
2 0.626258 0.932422
2 0.624239 0.927115
2 0.552044 0.822097
2 0.547185 0.837577
2 0.623984 0.933224
2 0.539148 0.829253
2 0.549585 0.823385
2 0.630935 0.894832
2 0.566937 0.839949
2 0.545960 0.817165
2 0.565449 0.867066
2 0.579928 0.932938
2 0.541208 0.826343
2 0.558852 0.930942
2 0.555553 0.928155
2 0.631486 0.935335
2 0.535501 0.829910
2 0.624951 0.898030
2 0.549569 0.859615
2 0.623730 0.932311
2 0.540948 0.829695
2 0.626146 0.931078
2 0.554788 0.830421
2 0.558009 0.932571
2 0.539724 0.807130
2 0.532194 0.855623
2 0.627467 0.907148
2 0.651968 0.957541
2 0.559991 0.837655
2 0.539260 0.823082
2 0.626452 0.931038
2 0.626844 0.931768
2 0.627494 0.906832
2 0.547939 0.812091
2 0.565751 0.868758
2 0.632308 0.937862
2 0.626323 0.931544
2 0.624913 0.931652
2 0.624621 0.898612
2 0.551933 0.858420
2 0.627000 0.931760
